100
956 8
7 2
125 151 218 422 440 542 734
48 54 29 52 15 73
10 2
51 85 89 122 160 217 308 442 566 889
92 94 14 70 77 94 53 71 5
7 2
105 183 280 297 324 456 518
86 48 31 9 39 28
7 1
245 255 431 458 532 921 985
85 27 87 26 73 92
1 1
699

1 1
568

8 2
118 123 140 211 336 464 634 703
4 53 49 31 20 82 59
6 2
249 275 288 483 557 637
61 65 36 58 47
912 8
5 2
253 303 607 758 968
34 23 84 75
8 2
96 102 154 255 351 554 766 781
90 70 43 35 13 10 44
5 2
176 327 369 734 838
66 6 25 91
2 1
499 644
17
8 2
49 78 150 196 364 417 459 510
21 12 2 69 90 22 6
2 1
785 930
13
1 1
874

1 1
622

959 8
8 2
33 59 109 146 173 265 445 785
15 1 1 2 25 23 18
2 1
629 894
12
4 2
260 330 618 732
14 26 11
3 2
608 618 678
15 6
5 1
224 369 546 718 817
26 6 7 21
8 2
79 93 147 214 233 326 542 904
31 24 24 2 22 2 25
10 2
20 37 49 58 109 190 198 216 402 505
18 8 10 25 2 9 17 20 5
1 1
744

955 8
1 1
531

5 1
120 149 154 266 529
16 22 8 20
2 1
340 675
19
8 2
96 138 211 291 386 436 492 615
14 1 16 15 10 17 13
3 1
203 325 517
23 7
2 2
838 961
5
8 2
52 60 101 103 171 218 330 515
18 19 14 20 20 8 20
8 2
23 27 52 86 170 221 440 556
19 6 17 3 5 15 22
973 8
10 2
87 101 190 218 270 357 496 534 868 917
9 8 11 9 16 8 20 9 15
10 1
200 208 242 253 352 380 484 490 687 974
24 13 16 10 5 20 6 24 7
10 2
45 55 57 77 110 117 203 275 430 634
15 7 22 7 13 22 13 1 16
10 2
90 124 153 171 259 361 408 416 446 771
10 17 20 23 1 16 16 17 6
10 2
97 102 128 166 187 303 310 331 452 645
22 13 14 22 14 9 12 6 9
10 2
101 109 116 194 304 351 546 567 701 812
15 8 22 10 14 4 5 5 12
10 1
69 86 116 130 220 291 425 502 614 648
12 7 15 13 23 24 4 2 22
10 1
19 28 53 69 110 192 258 334 445 803
19 6 13 9 19 24 21 5 2
946 8
8 2
59 103 107 109 136 198 256 509
23 13 12 5 18 5 8
10 1
20 31 51 103 159 292 317 371 623 778
10 17 4 4 16 4 11 14 2
1 1
594

6 1
228 312 327 460 548 558
4 4 8 19 21
9 2
115 181 193 229 373 415 516 566 583
12 12 16 7 4 1 3 22
2 2
473 513
14
6 1
154 245 380 386 591 834
16 19 16 12 9
9 1
67 73 81 139 198 228 269 477 873
5 16 1 6 19 8 7 5
986 8
10 1
44 53 75 109 189 256 440 790 792 884
44 20 44 12 28 17 34 23 36
10 1
50 56 81 90 175 198 344 360 500 811
27 27 8 15 2 35 5 19 18
10 2
61 115 138 217 241 277 341 624 648 791
24 4 20 16 40 39 45 8 30
10 2
26 51 82 141 160 236 412 496 557 886
22 26 28 35 29 2 26 20 37
10 1
33 41 65 98 111 113 171 238 293 524
42 4 21 6 38 36 9 46 16
10 2
38 42 75 112 174 219 237 272 519 674
33 12 49 9 27 18 19 13 37
10 2
44 51 84 162 200 209 213 322 463 750
8 1 4 9 37 19 45 38 18
10 1
92 112 158 207 285 349 403 737 802 999
20 19 36 34 10 9 21 43 10
972 8
5 1
192 212 392 590 826
26 15 38 28
9 1
44 76 79 97 157 275 335 653 866
5 45 7 15 6 18 21 34
7 2
176 181 341 353 647 648 788
18 13 42 40 11 34
7 1
58 98 191 278 402 678 788
22 30 4 11 35 48
1 1
960

2 1
372 710
44
8 2
184 292 368 476 480 500 519 880
45 3 4 2 10 42 32
1 1
682

939 8
4 2
186 366 489 787
20 67 19
10 2
80 84 110 161 256 272 288 344 415 729
16 71 56 22 28 35 36 15 51
8 1
267 406 465 505 650 703 876 930
50 87 47 53 30 92 46
7 2
140 213 225 390 408 774 869
30 5 56 30 46 59
8 2
43 50 92 161 184 252 345 500
47 65 19 75 90 47 50
6 1
145 184 262 463 760 827
76 2 89 13 15
6 2
440 540 548 687 940 996
75 3 61 67 67
5 2
106 209 419 498 511
64 54 51 69
921 8
10 1
34 48 50 52 88 102 152 253 293 512
18 5 7 5 8 5 14 3 6
10 1
22 27 33 39 47 57 110 187 303 517
1 12 9 17 14 17 3 2 11
10 2
6 12 24 47 88 131 220 398 495 637
14 5 9 15 16 17 17 5 17
10 1
70 86 106 124 140 176 228 256 302 541
18 2 17 8 4 7 4 3 15
10 2
17 29 47 62 68 137 246 438 767 947
4 3 10 6 8 15 1 5 16
10 2
125 136 172 192 237 288 367 429 681 742
6 15 16 1 12 2 4 16 9
10 1
35 59 97 163 180 192 330 392 594 697
8 1 9 3 15 3 14 11 14
10 2
15 21 26 29 56 69 113 220 431 587
13 4 7 7 3 11 15 13 14
909 8
10 2
89 113 136 171 186 311 392 428 625 917
12 12 2 10 14 9 11 9 4
6 1
383 384 479 547 757 763
15 10 19 3 2
3 1
348 526 806
1 3
10 2
56 63 67 84 106 155 164 280 285 540
3 4 21 1 10 9 13 5 4
9 1
108 121 204 213 321 371 387 585 988
11 15 8 18 7 21 13 17
10 2
8 11 23 38 57 98 180 263 409 609
14 18 14 12 5 22 3 13 10
5 2
416 480 521 526 738
14 5 2 13
4 1
119 195 336 587
3 13 3
944 8
5 2
164 311 334 473 741
31 14 21 26
3 1
682 766 930
23 10
4 2
200 316 481 566
15 21 11
8 1
66 87 89 157 167 200 382 577
26 22 25 29 23 19 4
5 2
183 235 393 702 904
27 3 29 13
9 1
42 46 68 109 198 314 469 692 737
31 30 23 9 20 10 6 7
1 1
664

5 2
102 167 279 523 826
2 1 26 19
999 8
3 1
196 300 562
24 16
1 1
657

1 1
886

8 1
75 103 151 155 161 214 377 552
2 10 2 22 21 5 14
7 2
405 474 542 587 608 646 766
18 20 9 20 3 9
10 1
44 73 106 131 232 260 289 311 458 651
5 2 1 17 23 17 15 15 16
6 2
185 328 490 584 629 748
23 3 11 15 11
8 2
71 77 101 105 173 198 343 554
11 13 24 8 6 22 6
935 8
8 1
88 108 127 146 263 318 608 636
34 3 45 45 13 8 21
6 1
301 349 377 613 665 764
12 27 37 17 44
7 1
87 97 148 221 270 414 521
39 20 13 23 35 26
1 1
963

8 1
149 215 217 222 351 444 513 580
31 3 46 37 37 43 8
8 2
117 119 205 392 394 467 668 989
4 41 21 34 24 4 16
8 2
101 122 189 202 230 364 500 742
42 16 46 31 24 25 7
4 2
256 501 777 852
25 20 18
919 8
5 2
118 233 280 429 765
15 2 30 15
7 1
59 64 90 180 267 506 642
15 1 28 13 4 18
3 2
152 300 585
24 11
9 1
39 60 75 92 114 192 296 488 626
2 8 12 23 1 21 6 8
1 1
659

10 1
31 43 53 91 98 197 326 393 591 881
12 27 22 2 7 6 30 23 9
3 2
541 817 985
11 15
2 2
397 508
24
939 8
2 1
429 726
7
6 1
229 389 561 584 833 916
1 12 14 14 17
6 2
181 269 281 453 568 636
16 9 18 3 3
1 1
981

1 1
658

10 1
83 89 107 169 209 295 504 622 640 876
1 16 10 18 2 2 16 11 15
3 2
345 527 909
11 16
1 1
726

903 8
10 2
109 163 169 176 202 276 312 385 580 645
8 3 10 14 5 11 14 10 2
10 2
41 83 106 128 187 197 352 435 626 671
14 22 7 20 4 5 20 12 3
10 1
25 27 55 95 116 203 250 281 435 752
9 22 3 14 11 3 13 2 7
10 2
15 27 53 59 78 153 307 521 600 975
19 18 2 18 4 6 4 9 7
10 1
82 104 120 137 234 307 453 599 777 974
2 16 6 8 14 20 16 21 18
10 2
14 17 31 52 70 125 171 221 364 615
7 10 19 11 15 15 17 6 1
10 1
16 29 51 64 126 209 353 676 697 893
8 22 19 14 8 9 22 21 9
10 1
38 49 52 84 128 137 250 291 502 536
19 15 15 10 4 4 2 10 17
982 8
3 2
340 448 525
34 21
8 2
74 119 214 274 319 433 569 651
47 12 35 5 3 13 16
5 2
177 193 316 506 763
4 19 16 31
2 1
479 809
16
3 1
231 447 689
46 40
3 1
564 647 785
32 42
8 1
79 114 173 195 293 486 550 619
8 20 35 29 41 23 37
1 1
773

970 8
4 1
354 507 651 820
8 31 34
9 1
107 162 210 397 424 501 532 580 644
17 6 7 21 35 35 2 33
7 1
176 268 283 345 678 792 977
8 43 34 22 35 40
1 1
911

3 1
879 942 974
47 45
10 2
30 58 62 89 106 196 279 447 731 737
17 20 10 29 20 12 48 47 39
2 2
395 736
14
1 1
808

1000 8
6 1
135 250 282 531 579 612
36 3 40 26 23
10 1
111 113 163 183 236 244 282 290 422 533
7 41 8 23 20 10 28 22 13
1 1
638

6 1
433 520 565 618 624 982
13 7 6 34 42
9 2
26 37 55 62 117 211 406 642 716
11 38 39 33 15 10 27 40
2 2
536 576
39
5 2
482 805 901 909 961
10 5 49 2
5 1
222 268 302 402 567
23 50 50 32
993 8
10 2
18 33 42 80 109 214 323 369 675 841
30 6 2 22 33 27 10 32 15
10 1
26 32 63 84 97 116 194 363 633 704
16 5 28 32 17 3 27 5 16
10 1
27 34 52 64 85 150 288 303 502 956
2 21 4 13 29 32 6 21 12
10 1
94 120 129 135 202 269 350 527 700 849
3 5 24 20 31 19 3 4 18
10 1
19 20 40 55 89 146 179 298 434 854
16 19 15 19 23 18 16 17 30
10 2
55 80 103 112 200 346 610 640 746 866
31 20 27 2 5 20 33 5 11
10 2
109 151 210 331 505 537 559 569 950 996
21 21 10 8 4 26 6 32 1
10 2
77 87 130 174 244 316 571 642 701 718
17 22 33 28 14 6 20 2 29
946 8
5 2
334 395 495 553 621
7 16 10 11
3 1
594 658 745
1 5
7 2
162 325 326 367 561 622 948
8 16 18 9 6 8
10 1
46 56 86 151 266 296 324 471 559 721
3 13 13 9 3 8 17 6 7
6 2
244 296 352 476 585 839
7 18 4 11 15
7 1
64 120 185 225 343 426 848
3 17 17 15 8 5
1 1
526

8 1
83 86 140 268 329 456 539 866
13 8 16 13 9 17 16
959 8
5 2
344 584 694 759 853
15 7 4 3
4 1
408 421 474 821
6 9 18
10 1
64 113 124 220 273 281 282 324 465 816
5 12 10 3 12 15 8 14 19
4 2
615 625 725 971
11 9 1
4 1
205 300 385 739
16 7 1
3 1
492 612 991
6 17
7 2
130 134 268 462 666 836 850
9 17 6 12 16 18
3 1
352 519 803
2 18
972 8
4 2
330 375 704 924
11 24 15
5 1
160 224 432 463 656
20 19 13 11
9 2
78 94 134 136 178 291 349 354 708
16 12 14 11 13 9 10 14
1 1
711

8 1
79 83 102 141 268 453 479 882
6 19 17 23 3 18 17
6 1
205 329 369 449 630 746
11 11 3 23 1
9 2
279 302 346 370 566 739 781 792 868
8 15 15 21 13 12 13 5
8 1
71 83 142 179 262 360 552 924
7 21 3 10 17 6 9
923 8
3 2
402 639 811
15 19
8 1
81 98 151 266 293 404 808 857
8 4 3 1 8 19 1
10 1
74 76 129 135 191 322 372 484 858 877
13 20 11 13 12 14 14 11 4
10 2
112 135 167 227 229 281 372 451 663 759
5 9 19 6 22 23 1 6 8
2 2
506 868
18
7 1
125 148 226 367 441 558 964
13 11 12 20 4 16
1 1
950

5 2
80 137 261 436 674
15 3 4 8
999 8
9 2
45 67 86 105 179 211 341 566 930
12 1 19 18 10 6 11 11
5 2
252 272 275 539 592
6 15 19 16
6 1
93 114 181 322 511 799
10 16 19 12 16
9 1
47 71 130 196 259 368 713 722 971
10 18 6 11 14 10 6 9
9 2
81 136 171 226 257 318 351 502 884
5 17 5 14 5 17 3 10
5 1
272 475 897 945 949
7 3 10 15
5 2
142 254 330 402 599
15 8 5 15
3 2
199 370 644
7 14
923 8
10 1
28 51 77 83 140 214 358 499 828 869
81 76 62 77 60 65 7 52 8
8 2
140 185 218 254 315 479 582 686
41 40 68 51 7 56 44
5 2
157 206 227 446 504
75 24 88 23
8 2
132 161 168 310 528 533 671 909
27 80 4 9 4 46 15
3 2
879 880 992
26 26
3 1
647 788 837
55 12
8 2
53 60 76 94 137 223 352 654
85 50 92 4 67 12 25
3 2
476 568 735
50 37
920 8
6 1
248 254 386 678 703 962
5 10 17 20 1
3 2
279 471 736
9 16
10 1
79 91 99 109 150 204 313 316 394 746
2 1 2 17 12 15 10 4 3
8 2
64 67 96 183 296 337 600 963
13 22 2 22 15 11 12
9 1
93 105 136 223 259 378 548 787 927
16 6 23 2 13 19 1 17
5 1
152 164 327 498 721
1 23 6 13
4 2
393 593 647 676
23 8 11
9 2
128 163 180 269 359 548 555 820 870
3 16 5 18 20 9 8 5
20 8
3 1
1 10 100
1 2
3 1
1 10 100
1 3
3 1
1 10 100
1 4
3 1
1 10 100
1 5
3 1
1 10 100
1 6
3 1
1 10 100
1 7
3 1
1 10 100
1 8
3 1
1 10 100
1 9
959 8
9 2
27 33 55 98 161 244 406 436 527
21 10 8 15 6 8 19 28
4 1
236 438 778 979
30 10 15
7 2
124 147 243 255 432 642 764
23 29 24 9 23 26
10 1
30 32 39 52 68 127 206 286 491 524
21 7 18 21 17 29 28 12 3
3 1
393 717 783
30 24
1 1
573

1 1
597

5 1
259 314 503 505 696
2 10 8 16
950 8
5 1
141 175 211 350 693
13 40 37 39
8 1
154 176 258 350 471 519 587 899
17 33 32 42 1 12 33
8 2
156 251 252 288 446 822 939 959
40 45 15 45 41 13 10
10 2
113 211 213 387 438 643 679 711 758 837
17 6 25 9 24 15 20 18 13
2 1
678 932
27
3 2
312 584 989
47 11
4 2
247 400 661 910
12 46 5
9 2
142 187 237 267 461 503 641 669 960
24 44 27 47 43 30 14 14
912 8
9 1
91 116 197 253 407 428 432 811 901
10 22 5 10 3 18 14 11
4 1
454 579 643 808
2 17 14
9 2
62 121 187 354 597 723 729 765 870
9 10 3 16 22 7 4 13
4 2
256 306 383 583
17 12 16
8 1
94 139 165 312 453 468 658 841
16 15 6 17 7 15 8
4 1
340 362 440 711
14 9 11
7 1
128 198 259 266 337 432 823
8 10 14 12 3 3
6 2
89 178 238 284 566 674
16 10 12 8 16
947 8
10 2
31 33 58 89 99 199 242 386 391 700
11 34 46 28 19 24 25 19 47
10 2
35 40 72 125 163 217 308 397 494 713
13 12 15 41 1 35 41 29 32
10 2
75 144 155 157 168 248 276 412 583 693
33 36 47 9 30 5 7 17 8
10 2
22 24 32 39 76 137 153 239 473 734
33 18 14 24 13 7 25 12 32
10 1
59 86 89 94 187 188 266 383 430 712
36 34 27 21 13 46 14 8 20
10 2
45 50 58 60 73 107 208 381 501 520
43 8 10 44 18 7 35 5 21
10 2
19 21 41 66 74 115 231 455 555 712
25 36 47 44 6 30 37 47 35
10 1
200 208 250 451 465 466 485 599 627 913
45 36 21 26 18 32 14 37 21
981 8
1 1
999

4 1
478 524 748 757
47 36 72
3 2
455 552 567
85 32
8 2
48 67 79 155 208 309 609 722
75 42 78 41 44 65 8
6 1
293 306 450 729 782 955
27 52 87 13 96
6 2
348 472 489 577 717 919
78 54 61 60 85
1 1
862

5 2
210 241 284 564 818
51 47 95 42
953 8
2 1
491 786
4
7 2
103 134 145 149 277 326 514
13 7 21 14 20 4
9 2
208 232 328 436 450 452 481 579 583
8 4 16 11 7 9 23 19
1 1
720

6 2
150 199 262 402 480 673
18 16 17 2 8
1 1
816

5 1
95 158 289 393 735
1 23 8 16
7 2
105 111 149 237 252 405 793
13 6 16 18 11 13
939 8
10 1
20 32 51 56 60 115 173 225 289 519
2 19 17 34 43 21 18 2 29
4 2
639 702 928 938
40 28 22
3 1
483 794 850
12 4
8 2
364 426 442 462 498 507 750 919
10 22 21 44 40 39 33
10 2
27 43 44 88 111 144 217 344 470 805
5 43 45 46 34 34 17 12 35
8 1
106 116 153 257 433 818 883 949
8 23 9 41 23 36 13
4 2
305 426 581 590
42 26 33
6 1
158 172 186 267 461 668
12 5 13 45 46
971 8
10 2
28 38 48 67 80 105 205 295 347 548
9 24 25 4 7 1 15 10 24
9 2
54 56 63 80 149 271 309 568 681
28 23 10 15 23 28 18 17
6 2
248 322 396 430 579 712
30 29 3 18 27
8 2
73 95 135 182 336 364 497 585
28 15 9 24 24 23 24
4 1
767 801 829 929
20 14 9
1 1
825

9 1
58 76 81 158 216 250 383 547 764
31 21 25 13 16 12 1 26
10 2
37 66 90 98 109 185 281 351 599 704
3 14 32 7 7 30 20 19 32
991 8
10 1
16 29 54 78 95 130 139 268 496 591
24 14 7 17 19 13 16 9 11
10 1
61 67 78 93 110 202 245 274 455 648
3 12 20 1 8 6 1 4 2
10 1
74 122 137 148 171 194 354 444 473 703
6 7 14 24 18 21 4 9 2
10 1
27 44 61 85 92 96 186 247 417 685
15 9 9 15 15 22 16 8 2
10 2
50 62 115 156 184 208 225 437 799 950
15 22 7 9 22 2 15 12 5
10 2
19 20 29 40 68 73 144 255 362 706
6 14 8 9 12 12 4 20 7
10 1
66 85 103 192 247 256 407 458 769 820
13 1 13 17 5 3 13 23 20
10 1
77 150 163 196 241 259 300 482 584 963
3 10 10 1 17 4 6 23 7
939 8
10 2
111 113 132 141 157 198 272 375 594 694
42 11 40 29 3 17 7 26 13
10 2
22 32 40 51 76 112 195 327 532 545
46 13 7 6 13 8 29 39 9
10 1
106 123 142 217 234 244 254 318 364 560
37 43 37 46 37 29 13 9 44
10 2
113 122 142 160 192 194 290 414 469 670
32 46 46 25 7 1 26 27 6
10 1
97 110 114 122 126 246 363 372 666 895
27 26 29 1 42 18 45 35 9
10 2
23 47 53 98 103 104 169 318 536 742
4 45 25 32 46 20 26 7 21
10 2
78 83 133 175 196 298 372 612 865 871
17 36 44 46 25 9 22 44 27
10 2
62 122 140 152 258 350 466 547 634 707
15 45 18 30 46 1 26 24 9
954 8
3 2
174 322 567
28 19
9 1
60 69 87 154 179 338 382 618 646
28 29 24 9 18 16 14 31
2 1
537 779
19
3 2
363 428 564
3 23
9 2
73 140 171 250 314 358 372 414 625
28 23 13 19 4 2 8 16
5 2
107 197 286 463 732
19 1 27 26
2 1
852 886
22
1 1
780

965 8
9 2
62 80 105 148 266 370 411 465 819
31 19 16 3 28 15 15 7
1 1
979

7 1
91 151 296 338 432 645 850
22 29 22 1 15 28
7 1
191 222 390 464 488 523 672
21 16 26 8 23 15
9 2
88 108 200 244 363 520 619 646 965
20 8 8 18 10 7 1 16
10 1
61 112 132 219 346 512 585 599 843 943
7 21 2 11 14 26 14 2 31
3 1
404 674 899
14 12
8 1
50 65 127 161 177 220 328 629
19 6 9 6 4 26 10
952 8
1 1
866

5 2
164 183 213 386 559
36 88 19 43
5 1
247 256 383 461 569
43 41 95 88
1 1
710

9 2
110 135 164 205 282 477 577 793 844
31 78 52 58 62 71 87 90
5 2
118 134 239 426 608
35 84 20 4
10 2
89 102 118 134 201 394 431 547 733 969
4 4 25 55 9 29 61 35 11
5 1
287 397 479 515 967
19 71 1 36
985 8
10 2
56 77 99 110 150 247 303 351 616 665
72 34 66 47 65 9 50 31 78
10 2
99 129 145 150 159 205 344 353 673 967
77 44 65 67 13 93 85 39 41
10 2
24 43 79 118 208 388 451 669 938 950
70 70 6 10 9 20 59 44 86
10 2
65 67 114 183 240 292 547 873 877 965
6 94 66 98 75 69 36 77 7
10 2
17 22 29 44 87 121 213 375 582 594
31 65 30 69 33 71 85 40 12
10 2
68 80 138 140 165 171 254 343 626 979
3 88 45 88 63 32 36 39 63
10 2
17 29 39 64 111 206 260 374 525 822
66 44 86 71 77 41 48 28 7
10 1
88 146 207 249 393 422 497 636 771 802
42 74 95 44 33 11 3 18 93
918 8
5 2
235 471 511 655 983
25 26 11 16
7 1
135 207 361 371 443 510 538
9 25 29 23 15 19
5 2
149 250 321 410 520
29 17 25 18
2 2
452 862
9
2 1
842 904
12
10 1
38 47 62 75 124 139 257 319 396 712
12 26 8 12 13 23 30 10 18
5 1
556 601 678 706 815
3 27 18 21
4 1
315 406 569 709
14 8 15
987 8
8 1
83 125 148 158 186 306 393 550
6 18 31 4 23 5 15
5 1
236 279 398 565 855
18 26 24 29
4 2
390 558 854 951
3 6 7
9 1
94 137 152 199 254 486 656 703 849
22 32 28 31 11 21 32 13
9 1
20 39 72 114 196 201 297 454 545
9 13 23 19 9 1 26 17
2 1
680 988
17
4 1
231 239 355 636
29 17 26
10 2
46 50 74 95 107 118 214 423 436 627
24 6 31 18 2 29 19 13 16
942 8
6 1
80 123 140 247 466 657
7 15 14 1 14
5 1
185 235 345 534 860
16 6 4 7
9 1
78 144 252 312 486 554 734 838 881
7 3 10 3 1 18 13 8
9 2
90 136 141 255 267 356 530 650 770
17 3 6 18 9 1 10 17
2 1
501 877
10
1 1
845

5 2
227 265 386 715 748
13 14 8 3
5 1
132 234 304 585 750
1 12 9 5
957 8
5 1
146 213 344 643 885
2 10 14 7
3 2
494 655 679
19 10
3 2
297 525 987
4 2
2 1
450 878
7
5 2
270 299 506 577 681
18 16 6 11
10 1
67 77 131 141 156 292 295 326 452 681
2 1 19 3 4 10 4 9 10
4 1
286 367 371 519
7 15 5
2 1
751 766
8
989 8
8 2
171 173 242 341 382 431 538 655
20 14 20 30 14 2 32
9 2
64 126 135 258 374 483 680 753 840
5 40 22 43 47 8 8 47
6 1
152 259 289 303 425 844
29 28 11 35 28
3 2
403 419 588
48 8
5 2
116 168 292 366 531
1 45 27 26
8 1
71 79 116 157 255 348 417 508
49 9 7 38 20 49 1
1 1
983

7 2
231 260 379 391 453 536 867
44 21 20 47 42 24
946 8
8 2
48 72 83 143 193 226 433 554
11 10 8 5 15 13 1
7 1
68 97 149 153 155 290 544
15 8 20 15 11 6
9 1
81 93 99 106 156 223 366 703 737
19 13 11 5 16 17 23 12
2 1
651 919
9
3 1
405 520 620
19 1
1 1
934

9 1
62 117 123 200 302 318 430 812 857
8 23 19 11 3 20 10 17
2 1
642 689
10
919 8
10 1
27 49 51 58 117 178 313 441 513 690
9 27 27 18 7 10 1 28 22
10 1
108 113 126 246 267 375 408 467 708 769
4 11 15 23 20 28 27 2 21
10 1
40 48 76 151 159 176 305 406 563 746
11 17 17 12 6 30 7 7 11
10 2
61 96 111 114 120 150 182 243 303 549
29 20 15 2 23 2 8 27 25
10 1
78 134 177 224 247 342 426 450 662 771
10 15 9 28 12 11 7 20 4
10 2
45 57 89 171 264 297 357 435 595 617
5 13 8 29 9 15 14 17 13
10 1
41 44 61 89 155 234 354 408 525 875
13 18 18 2 20 22 8 28 27
10 2
84 108 151 226 282 285 327 449 482 864
2 14 6 13 27 25 25 12 19
911 8
1 1
635

8 2
128 178 187 195 233 300 561 975
29 18 13 9 1 16 30
8 1
90 177 193 370 378 434 857 878
13 17 28 26 17 22 23
4 2
233 461 882 978
26 2 16
6 1
98 189 340 465 825 908
6 26 12 1 27
6 2
294 410 518 619 659 834
4 8 20 25 14
5 1
115 199 226 408 757
13 14 9 28
10 1
77 86 105 174 188 238 326 448 695 955
13 14 8 27 24 22 1 21 28
950 8
10 2
30 42 73 84 108 188 350 544 748 910
12 2 8 19 17 18 22 31 17
10 2
52 83 96 127 247 298 322 325 343 536
2 27 7 1 21 2 3 10 1
10 2
46 72 83 139 202 295 385 400 426 796
24 31 19 27 30 21 24 13 2
10 2
95 118 123 158 253 341 409 581 720 831
7 21 12 16 24 24 14 24 17
10 1
19 36 66 95 96 104 194 280 490 566
1 14 6 18 6 27 9 19 12
10 2
58 63 98 154 225 257 350 454 765 804
23 16 8 5 23 7 28 13 10
10 1
114 123 148 287 325 416 495 528 704 872
25 26 15 21 14 28 4 9 16
10 1
53 106 158 236 360 487 681 685 947 951
15 25 26 10 31 17 11 25 22
962 8
3 1
279 330 615
31 28
5 1
202 393 484 616 867
46 12 12 29
6 2
146 167 205 318 623 673
27 10 39 20 17
5 1
370 383 394 554 728
39 28 15 30
9 1
75 85 95 133 258 298 481 629 732
24 25 48 35 10 41 42 21
3 1
603 715 742
25 5
5 1
382 457 466 658 808
18 1 11 42
10 1
29 32 61 71 114 165 252 355 421 568
36 22 42 41 26 14 1 41 25
990 8
4 2
349 605 762 905
18 18 3
10 1
37 45 60 93 122 166 262 460 603 709
23 2 15 5 4 10 4 1 21
7 2
82 107 136 146 272 475 910
21 1 17 19 21 9
1 1
642

5 1
288 422 443 733 835
1 13 8 7
2 2
439 605
24
10 1
84 151 186 233 373 412 469 644 656 860
3 15 23 16 20 21 8 13 19
6 2
645 652 738 786 802 943
4 20 10 16 15
968 8
4 1
236 295 317 619
47 20 23
10 2
37 40 67 71 130 133 217 355 519 844
41 23 5 15 3 17 14 42 37
1 1
822

10 1
16 23 40 54 64 120 241 295 459 899
27 34 33 3 2 2 10 36 46
10 2
35 39 51 79 89 108 168 182 317 528
14 46 6 5 39 7 1 48 15
5 2
366 384 507 572 681
5 41 12 28
8 1
149 173 207 272 274 542 708 775
15 27 36 1 47 10 36
4 1
212 356 383 756
42 26 26
948 8
6 1
108 202 332 525 601 797
3 14 16 7 8
1 1
712

10 1
31 58 107 137 194 200 295 335 411 601
19 16 25 30 3 3 4 24 26
2 1
873 879
9
4 2
212 253 430 574
8 23 22
7 2
138 173 261 488 646 801 845
8 8 25 18 1 22
5 2
464 475 524 773 841
8 14 3 26
2 2
511 599
11
993 8
10 2
45 53 66 85 121 138 192 303 426 531
64 29 15 24 4 34 46 39 61
10 1
33 45 58 83 127 205 221 425 638 994
26 31 67 1 39 41 93 35 10
10 1
53 60 100 149 234 329 351 478 495 726
91 16 34 22 35 41 94 21 18
10 2
60 85 149 216 361 408 703 715 732 815
72 57 87 68 45 8 2 71 75
10 2
26 32 44 85 118 153 184 216 295 585
34 67 34 86 5 6 81 39 49
10 1
58 62 68 98 182 281 298 429 449 779
72 28 87 5 86 70 92 47 22
10 2
57 66 113 206 226 317 323 445 583 655
94 1 37 40 44 75 63 87 95
10 1
57 103 153 224 296 379 434 478 540 661
19 1 15 36 76 57 85 44 94
914 8
3 1
554 817 873
16 16
8 2
88 90 129 135 269 480 573 895
3 16 5 5 12 21 19
7 1
73 102 194 319 638 840 976
1 21 14 9 18 9
5 2
107 129 255 491 647
18 22 11 3
4 2
391 423 503 898
18 9 7
1 1
643

6 2
186 236 319 343 636 707
22 7 20 18 2
1 1
602

910 8
5 2
149 203 286 402 702
8 1 19 22
10 1
62 64 85 96 120 235 303 467 652 659
16 8 1 17 12 7 21 15 10
9 2
127 143 182 358 378 474 492 509 927
7 10 7 13 1 13 4 1
7 2
79 104 198 254 312 437 588
15 15 1 1 21 11
5 1
186 268 532 810 854
1 15 15 9
5 2
247 495 543 574 844
13 11 1 4
9 2
38 65 90 124 213 280 387 508 751
14 14 22 7 16 3 16 19
5 2
227 351 460 695 977
16 10 14 5
951 8
4 2
264 440 500 872
4 17 4
5 2
175 236 428 470 845
10 22 9 18
7 2
167 173 239 278 368 524 556
7 8 21 6 13 17
8 1
28 54 73 139 273 497 608 753
9 2 7 3 6 20 5
6 2
73 147 207 309 613 766
5 6 12 22 3
9 2
63 81 158 295 352 424 545 621 710
4 6 8 4 5 9 2 8
3 1
674 788 895
1 10
1 1
657

926 8
4 1
395 417 538 634
15 6 16
3 2
470 563 602
5 29
3 2
290 550 613
21 19
6 2
198 296 354 482 485 587
19 28 2 1 5
1 1
713

8 2
136 152 212 289 326 330 520 846
23 22 24 11 17 7 1
4 1
269 390 512 576
11 18 13
7 1
90 140 190 295 407 513 536
1 6 4 8 11 13
986 8
8 1
96 139 198 237 330 396 478 670
34 13 58 48 48 30 66
7 1
134 173 245 363 369 419 629
68 52 90 12 76 72
2 2
838 910
20
6 1
132 233 263 493 605 817
80 55 39 49 83
8 2
125 208 268 496 712 757 852 871
41 29 16 85 82 77 45
10 1
51 88 151 190 268 287 327 338 527 933
34 50 41 76 38 81 77 23 48
10 2
41 70 77 103 190 224 230 269 370 659
68 92 62 53 71 77 44 80 53
4 2
241 249 337 563
18 27 28
968 8
10 2
30 49 78 130 153 199 274 399 657 875
4 10 13 18 9 18 9 8 14
10 2
47 88 105 150 260 329 437 556 861 890
5 8 14 2 6 17 2 18 3
10 1
68 77 110 119 142 162 259 267 450 703
14 8 10 1 14 7 19 14 12
10 2
49 79 82 143 183 196 290 355 369 568
5 7 2 16 15 12 8 12 10
10 2
42 66 103 135 136 165 293 565 735 749
17 16 13 6 18 19 18 2 5
10 1
25 32 47 77 139 169 212 308 544 732
11 6 7 14 4 13 11 13 16
10 2
49 60 73 79 104 114 196 260 498 728
2 11 6 13 11 6 16 17 7
10 2
15 27 35 67 107 186 282 495 690 781
1 5 15 9 13 3 15 8 4
993 8
5 1
274 317 456 591 891
24 24 17 11
9 2
103 139 154 227 228 277 372 466 885
1 9 6 24 23 3 17 1
1 1
536

2 1
475 822
23
3 1
378 742 868
17 1
6 1
81 149 241 306 599 625
21 13 4 17 22
4 1
347 464 841 997
22 6 8
9 2
18 26 31 40 80 144 204 394 509
15 2 15 5 12 8 12 2
940 8
8 2
59 99 160 199 291 405 443 533
9 15 17 6 9 12 2
9 2
83 84 140 189 190 202 313 392 699
17 15 4 8 10 6 2 5
5 2
340 415 674 787 911
4 18 9 9
3 2
351 579 596
6 1
6 2
211 244 268 319 459 900
9 12 15 17 12
3 1
198 340 562
14 12
9 1
80 98 109 127 145 265 301 455 762
6 8 14 18 3 18 11 6
10 2
96 176 181 207 224 251 353 379 426 578
7 1 3 13 14 16 16 14 18
928 8
10 1
34 49 63 115 230 242 271 373 624 769
4 12 1 2 14 2 14 4 13
10 1
13 21 39 52 92 145 209 408 633 938
16 5 9 1 22 3 14 27 20
10 1
110 139 156 232 282 345 481 731 829 996
27 5 16 28 26 23 23 25 19
4 1
452 457 570 677
20 14 3
3 1
605 740 838
20 27
1 1
801

10 1
77 98 106 127 148 221 227 371 742 888
18 27 7 4 6 30 30 29 29
2 1
934 970
23
930 8
2 1
523 980
92
6 2
189 320 540 543 752 879
19 52 45 34 44
6 2
117 178 257 493 854 940
71 62 36 62 74
2 2
530 664
69
10 1
84 119 140 172 264 493 494 533 601 645
2 34 18 3 51 13 14 2 77
7 1
57 69 90 178 184 336 505
54 6 17 46 60 93
9 1
78 104 107 197 232 341 433 557 807
68 57 66 42 57 57 77 79
1 1
533

914 8
7 2
148 159 258 456 583 799 991
2 2 14 5 4 9
8 2
50 97 150 210 236 340 504 793
3 14 16 18 4 5 3
7 2
96 151 255 280 306 373 551
18 6 17 5 8 5
7 1
67 81 127 139 159 303 563
1 4 11 17 14 1
9 1
162 180 275 295 319 391 429 515 980
10 8 12 5 3 12 14 14
4 1
399 461 544 900
8 1 18
4 2
248 415 626 896
18 10 18
1 1
911

947 8
7 1
167 179 225 426 502 585 589
42 4 7 12 22 44
8 2
91 115 155 227 360 476 493 868
40 36 12 5 47 41 47
5 1
168 280 336 579 930
46 23 41 22
1 1
632

10 2
34 46 72 104 119 137 230 299 448 500
14 30 30 6 39 18 18 29 47
9 1
28 37 50 53 91 166 299 504 537
11 37 31 1 26 44 23 5
1 1
516

2 2
349 549
44
917 8
10 1
82 140 146 154 282 296 397 404 529 604
6 39 18 25 30 36 16 28 31
3 1
613 683 798
18 31
10 2
60 84 109 129 156 176 290 304 333 654
31 4 4 34 40 19 7 36 43
10 1
60 75 143 206 209 229 301 505 506 606
4 37 39 42 28 6 39 44 37
4 1
192 335 427 715
30 9 1
1 1
717

10 1
13 17 24 43 77 134 145 160 305 575
26 29 19 38 16 3 38 17 5
7 1
125 150 246 264 486 614 729
42 12 35 26 44 11
919 8
9 1
59 62 73 131 192 212 258 459 586
11 4 11 9 15 10 11 1
8 1
63 66 92 143 267 331 541 548
2 3 11 16 14 8 18
8 2
51 53 86 164 217 277 510 676
8 5 12 5 2 6 15
7 1
235 260 291 352 386 648 762
12 15 6 16 7 12
5 2
129 248 319 496 948
1 1 16 14
9 2
98 169 179 244 283 460 487 732 863
2 8 1 6 10 6 6 18
7 2
161 227 439 451 681 822 874
11 17 4 10 11 18
8 1
103 132 157 265 319 482 522 833
1 3 12 16 16 6 14
992 8
8 1
72 75 96 169 181 277 482 613
10 11 16 11 10 15 5
9 1
60 69 78 142 216 238 334 500 875
12 8 15 14 14 5 16 7
6 2
178 279 313 326 342 599
13 13 2 2 2
4 1
534 620 845 920
3 19 10
7 1
38 54 102 153 291 543 644
8 18 5 10 1 2
2 2
802 993
8
2 1
830 977
5
5 2
214 246 356 497 890
4 1 6 7
998 8
8 1
64 96 134 173 242 386 599 779
88 60 81 84 75 3 74
9 1
122 142 166 220 225 265 328 643 798
13 36 89 47 12 80 63 65
2 2
372 607
63
2 1
274 503
44
6 2
178 233 320 411 446 522
5 38 86 69 15
3 1
374 416 574
26 23
5 2
131 262 485 595 643
49 76 28 35
3 2
443 464 601
5 28
971 8
8 2
42 82 153 175 343 427 704 800
27 9 23 19 12 18 32
10 1
121 129 139 157 269 297 400 506 549 580
6 23 27 28 9 20 19 14 5
10 1
27 29 32 62 83 148 267 481 489 583
29 13 28 14 18 18 4 7 16
8 1
195 227 229 351 477 510 720 778
9 23 1 16 29 22 7
8 2
155 221 239 284 370 565 588 692
18 30 15 23 15 29 18
5 2
158 299 505 880 961
3 8 10 12
1 1
534

8 2
55 60 90 145 211 346 357 578
4 16 21 29 30 7 20
943 8
10 1
60 62 89 145 196 296 393 482 660 681
13 23 8 7 5 9 20 13 16
10 1
34 51 86 99 118 218 253 373 460 555
21 12 10 16 16 14 20 5 17
10 1
41 46 61 107 176 221 396 622 753 783
9 22 18 13 13 22 23 10 8
10 1
70 83 95 107 180 189 350 394 407 799
16 21 1 3 7 2 7 7 22
10 2
55 84 138 188 294 330 414 487 504 730
7 3 1 3 2 2 22 17 18
10 1
25 33 47 93 143 191 199 311 452 591
8 3 9 4 23 22 16 6 7
10 2
93 110 114 173 254 256 282 423 814 817
8 19 7 21 7 13 14 23 19
10 2
69 85 126 158 168 212 241 326 412 658
21 17 10 18 19 1 14 8 1
973 8
10 1
35 49 85 86 156 234 417 497 673 677
75 16 37 95 69 5 4 52 53
2 2
613 745
46
1 1
755

8 1
28 53 98 113 168 330 518 886
97 13 53 30 43 18 23
3 2
334 337 547
8 9
5 2
334 422 429 759 943
93 92 34 4
8 2
64 73 145 233 348 595 688 955
77 87 38 44 31 5 87
7 1
93 114 143 164 278 503 722
85 61 27 14 42 58
944 8
5 2
139 265 372 607 915
61 88 40 89
1 1
946

7 2
152 241 254 272 393 489 677
4 59 50 77 84 10
4 1
192 269 473 616
57 64 21
3 2
449 595 666
58 67
2 2
639 861
70
6 1
229 236 330 582 929 986
36 39 65 78 8
6 1
122 137 188 375 402 742
75 61 39 38 40
901 8
1 1
939

9 2
83 159 170 176 253 365 484 773 792
5 13 23 44 12 73 6 2
7 1
206 254 259 417 511 612 644
87 75 64 71 43 21
4 1
141 266 364 609
52 31 19
3 1
268 319 542
38 25
6 1
475 518 706 719 886 937
14 12 87 2 59
10 1
62 83 88 160 198 358 416 586 925 994
30 37 37 71 36 25 22 38 10
3 2
383 610 907
36 54
924 8
10 1
71 97 163 176 203 266 285 401 614 643
23 13 11 29 18 11 22 17 20
10 2
25 27 35 67 72 123 167 318 559 693
8 12 18 4 28 23 4 22 22
10 1
80 97 101 126 179 248 300 305 412 640
1 7 20 19 9 14 1 1 9
10 1
17 18 35 54 70 90 181 336 518 905
19 25 18 28 19 2 3 3 23
10 1
104 128 195 363 372 445 519 829 839 962
2 30 8 3 18 21 22 12 15
10 1
29 59 66 122 143 217 240 273 521 672
11 14 16 28 29 22 10 8 12
10 2
10 20 24 41 58 76 110 194 343 619
11 27 21 16 9 29 24 2 21
10 2
65 69 93 114 187 274 312 414 458 500
3 25 19 13 5 22 12 23 10
902 8
5 1
79 89 155 308 588
17 20 2 20
9 2
54 62 67 113 118 235 399 467 736
26 17 4 1 2 5 26 21
4 1
462 555 774 957
5 9 11
1 1
888

1 1
977

9 1
165 177 293 302 501 565 711 713 973
19 7 7 26 28 30 29 17
2 1
490 965
7
7 1
120 125 184 318 553 642 922
18 9 28 30 24 11
984 8
10 2
38 41 82 97 158 226 249 285 458 787
17 8 8 19 13 15 17 16 7
10 2
15 25 49 56 91 103 123 200 398 542
16 18 14 15 19 6 16 1 15
10 2
87 117 189 207 379 391 693 835 851 961
8 16 4 11 1 8 6 17 19
10 2
69 98 181 189 263 283 361 466 566 828
13 11 3 12 5 2 11 11 8
10 2
53 56 98 126 147 179 190 339 371 699
5 18 13 7 4 4 9 5 18
10 2
115 187 194 225 234 257 400 759 854 955
15 9 17 15 2 7 19 10 16
10 1
27 40 68 101 124 141 237 445 700 983
6 13 11 18 8 9 3 3 14
10 1
33 66 68 98 167 190 274 459 670 879
11 12 3 19 11 11 14 5 18
959 8
9 2
122 139 150 164 202 245 320 352 699
14 19 8 27 23 5 16 27
5 1
176 254 492 844 928
31 21 31 24
1 1
851

3 2
400 640 971
18 18
1 1
639

7 2
70 137 187 371 435 465 571
20 3 17 25 28 8
8 1
96 135 215 225 438 771 948 988
12 11 31 30 4 4 15
4 2
203 249 348 657
26 25 23
967 8
10 2
67 93 122 183 236 334 344 487 648 662
8 89 20 53 11 64 21 40 89
10 2
140 146 206 211 229 366 416 740 776 794
72 62 47 56 48 65 37 19 72
10 2
52 62 82 89 114 228 445 492 605 754
63 60 87 36 55 94 25 94 18
10 2
12 21 35 64 115 160 235 453 693 816
60 56 47 23 80 40 48 64 39
10 1
22 27 49 79 108 115 155 249 485 748
76 91 45 11 77 30 54 7 31
10 1
36 38 73 74 119 132 239 262 436 714
32 28 68 53 62 70 27 45 88
10 2
62 89 170 185 246 460 511 627 740 879
87 43 23 15 77 35 39 26 90
10 1
18 29 43 78 143 147 227 326 499 830
24 32 24 25 66 82 61 3 12
988 8
1 1
961

2 2
554 751
37
8 1
103 127 251 302 345 385 587 739
37 42 28 10 42 36 45
2 1
698 777
28
8 1
87 118 161 253 401 593 847 917
33 34 21 35 43 15 5
6 2
265 331 356 627 643 777
16 46 24 22 42
7 1
64 83 165 291 308 358 621
34 6 17 5 42 29
10 2
61 70 88 95 113 155 286 439 795 822
12 15 30 11 36 24 41 37 23
952 8
10 2
91 114 160 177 270 533 665 725 738 801
6 17 7 17 9 11 9 9 5
10 2
17 18 37 53 84 116 122 166 312 602
16 9 8 10 3 2 9 19 15
10 1
47 83 88 122 175 226 319 409 470 680
17 17 10 3 15 9 14 14 13
10 1
86 97 102 152 227 320 631 822 843 917
17 19 19 15 12 14 10 9 10
10 1
43 51 54 82 105 123 133 214 330 560
5 10 10 14 2 17 15 3 15
10 1
101 105 129 184 347 389 464 762 773 813
10 13 5 18 9 13 6 6 2
10 1
59 88 106 155 276 298 332 413 823 981
14 15 7 16 9 3 9 14 13
10 2
23 40 53 69 109 145 278 385 519 556
15 8 8 11 14 5 12 10 11
920 8
10 2
16 29 41 52 104 139 247 471 637 786
36 18 22 33 45 41 7 21 31
10 1
42 82 163 325 345 652 657 712 758 846
1 7 31 12 30 19 21 13 41
10 2
39 51 86 93 165 182 256 267 422 600
46 29 20 25 29 41 45 5 6
10 1
43 56 60 104 152 276 288 367 613 957
15 37 37 20 36 11 45 40 30
10 1
62 66 100 108 184 349 364 660 794 993
46 29 39 9 3 21 44 46 8
10 1
50 55 88 103 117 172 229 275 541 668
22 25 4 32 23 33 40 8 42
10 2
34 39 43 72 101 145 171 215 347 617
12 2 3 38 8 46 15 3 29
10 1
53 68 98 130 186 230 241 394 468 628
30 20 34 3 42 14 23 5 10
914 8
10 2
58 77 86 161 265 279 286 397 469 783
40 22 36 27 23 36 37 8 5
9 1
80 84 112 138 144 268 471 533 844
44 30 40 14 25 9 41 8
2 1
570 807
6
1 1
885

8 1
113 175 351 448 476 501 718 861
1 21 19 22 22 12 16
9 1
33 40 42 79 128 224 292 445 750
34 26 22 17 26 15 6 11
8 2
28 53 62 124 170 313 513 704
5 43 8 23 40 18 16
3 2
377 486 690
11 2
955 8
10 2
51 71 89 102 126 187 246 400 442 800
12 3 13 1 5 12 13 1 17
4 1
168 313 511 562
18 15 11
8 1
137 253 492 534 569 673 739 793
14 17 16 18 5 18 9
4 1
445 584 597 654
11 13 17
7 1
213 341 460 543 602 652 805
2 15 4 14 18 4
7 2
145 169 290 388 452 534 857
15 3 9 19 19 11
10 2
46 87 128 162 232 237 399 458 481 903
4 4 7 1 1 4 12 6 12
10 1
89 107 205 230 255 453 493 808 846 942
9 5 3 18 14 19 17 1 15
1000 8
10 10
116 117 118 119 120 121 122 123 124 1000
67 35 47 52 25 41 4 56 1000
10 10
946 947 948 949 950 951 952 953 954 1000
59 14 33 67 95 40 27 1 1000
10 10
304 305 306 307 308 309 310 311 312 1000
31 47 41 1 65 39 30 23 1000
10 10
614 615 616 617 618 619 620 621 622 1000
66 24 97 21 90 83 67 93 1000
10 10
547 548 549 550 551 552 553 554 555 1000
8 97 14 5 7 28 89 73 1000
10 10
534 535 536 537 538 539 540 541 542 1000
28 51 26 31 81 73 24 82 1000
10 10
457 458 459 460 461 462 463 464 465 1000
62 63 60 87 28 83 35 48 1000
10 10
524 525 526 527 528 529 530 531 532 1000
17 67 17 75 26 65 89 30 1000
42 8
2 1
7 8
10
2 1
5 7
6
2 1
5 7
6
2 1
5 7
6
2 1
5 7
6
2 1
5 7
6
2 1
5 7
6
2 1
5 7
6
972 8
2 2
809 887
51
3 1
728 774 850
89 68
2 1
735 923
18
10 1
18 30 41 53 107 129 171 254 319 566
70 85 30 9 85 40 6 26 73
1 1
747

5 1
246 296 580 701 981
3 46 91 51
5 2
330 391 459 505 997
32 49 87 48
4 1
163 277 425 526
13 23 21
991 8
9 1
87 95 109 122 225 305 347 623 655
4 9 26 44 29 49 39 12
2 2
604 801
17
10 1
31 37 70 107 183 185 234 288 493 654
48 6 25 25 42 41 47 49 39
9 1
87 92 136 209 269 520 620 670 698
16 39 26 39 22 23 2 18
2 2
593 608
39
10 1
63 83 100 117 185 276 383 405 765 876
5 31 27 47 15 15 48 16 4
10 1
36 54 57 67 129 195 203 262 505 646
41 17 22 48 47 32 21 46 42
8 1
55 73 119 132 197 240 361 548
44 27 12 3 45 26 35
947 8
7 1
61 95 152 178 204 313 536
9 17 4 15 10 3
1 1
973

9 2
49 91 126 174 183 233 346 662 827
11 1 18 4 14 5 18 17
4 2
248 310 484 777
12 13 8
7 2
112 127 166 308 341 600 713
15 15 14 3 11 3
5 1
489 506 622 632 979
4 17 12 3
7 1
155 158 262 363 480 534 980
8 15 7 3 13 16
7 2
75 96 141 250 428 811 843
11 6 10 9 4 5
994 8
8 1
99 135 201 207 338 555 576 820
36 44 73 70 86 70 58
7 1
155 158 191 257 374 715 892
53 61 2 65 8 80
10 1
111 208 234 276 331 537 559 602 737 838
71 52 13 9 55 32 58 53 32
10 2
40 72 75 101 129 215 257 426 466 759
33 14 27 94 83 84 39 26 35
6 2
113 142 229 347 518 932
25 31 14 80 76
6 2
164 244 266 374 565 666
89 87 94 69 83
9 2
120 176 213 228 344 426 461 649 852
37 74 78 17 74 68 48 35
7 2
146 191 278 316 343 484 774
77 71 85 46 43 73
952 8
10 1
53 61 70 137 220 308 321 358 464 706
9 73 45 40 91 86 68 70 9
1 1
522

9 2
70 79 157 212 278 534 737 787 975
65 44 7 67 78 54 53 15
10 1
31 39 58 60 70 81 143 275 516 821
57 47 90 43 66 4 72 32 8
1 1
706

7 2
159 265 270 309 438 498 617
69 87 55 93 71 40
9 2
26 34 66 98 109 202 368 528 812
95 93 63 15 5 42 38 89
1 1
673

930 8
10 2
81 119 141 217 269 279 371 530 668 817
45 41 60 60 50 55 37 77 39
10 1
19 31 41 67 74 110 168 292 430 846
64 23 52 4 44 62 61 59 51
10 2
26 36 58 86 92 143 203 226 408 663
26 35 66 67 66 11 10 50 53
10 1
45 69 79 112 114 155 300 412 487 911
64 87 22 54 70 76 29 61 32
10 2
45 87 117 172 214 241 283 425 576 639
33 37 50 7 42 7 66 39 46
10 1
129 162 202 211 262 424 429 489 707 718
59 24 58 85 23 88 15 1 23
10 1
27 41 83 136 179 224 289 323 382 563
60 74 69 23 16 42 34 64 52
10 2
37 50 70 86 162 300 352 366 441 676
51 35 16 30 39 6 72 32 4
902 8
8 1
22 29 52 100 131 234 422 532
7 17 21 6 5 18 17
10 2
49 86 130 180 253 357 542 557 623 675
2 17 12 3 2 16 6 11 15
2 1
347 629
13
2 2
566 838
8
9 2
32 34 67 110 114 146 248 400 547
4 5 3 8 22 6 10 10
7 1
375 429 466 554 563 705 760
13 19 6 21 16 6
10 1
43 44 48 94 167 252 343 406 507 589
6 6 16 17 5 21 11 11 3
7 1
173 195 257 416 467 769 942
14 14 13 13 16 17
941 8
10 2
18 37 57 82 122 158 313 341 382 746
1 9 6 15 12 18 17 16 11
4 2
164 320 580 787
15 18 1
1 1
511

9 1
89 144 180 228 378 408 651 691 782
5 6 2 7 12 12 1 3
8 2
112 175 313 339 482 495 813 844
8 18 5 2 16 12 18
10 2
22 35 40 77 82 129 178 319 478 954
12 11 5 15 3 1 10 18 18
2 2
365 628
1
4 1
331 510 806 816
6 18 7
934 8
3 2
307 398 517
9 22
7 2
85 99 181 186 371 518 642
37 7 43 45 44 21
9 1
80 99 130 255 299 578 596 598 891
31 7 39 23 24 44 21 16
5 2
94 165 289 547 960
18 26 41 24
4 1
212 349 670 834
3 37 45
9 1
171 206 270 428 518 629 818 899 959
24 27 7 26 29 3 2 5
8 2
227 287 335 378 650 769 846 970
27 17 33 31 23 40 9
5 1
216 409 481 484 716
33 31 17 44
925 8
1 1
789

7 2
92 160 228 272 349 485 955
42 59 2 84 8 15
3 2
394 458 859
4 15
8 1
31 52 81 131 247 486 517 811
13 79 49 53 47 53 43
3 1
439 736 878
80 41
2 2
557 894
39
2 2
750 902
42
9 2
59 115 128 147 184 345 488 795 900
63 40 69 13 87 70 38 3
